689009
688981
688819
688800
688799
688798
688789
688778
688777
688772
688766
688739
688728
688726
688717
688709
688700
688698
688697
688696
688692
688690
688686
688685
688678
688677
688676
688668
688665
688658
688656
688652
688639
688631
688630
688627
688626
688625
688621
688617
688615
688612
688608
688606
688603
688601
688591
688588
688586
688584
688582
688581
688579
688578
688575
688568
688566
688563
688553
688550
688548
688543
688539
688533
688531
688526
688522
688518
688516
688513
688510
688508
688506
688505
688503
688489
688486
688484
688478
688475
688472
688439
688432
688425
688410
688409
688408
688401
688400
688396
688392
688389
688385
688383
688380
688378
688376
688375
688372
688371
688363
688356
688352
688351
688349
688348
688337
688336
688334
688332
688318
688315
688305
688301
688300
688289
688281
688279
688278
688276
688271
688268
688259
688253
688252
688249
688248
688247
688239
688236
688232
688231
688230
688226
688222
688213
688209
688208
688205
688200
688198
688188
688187
688183
688182
688169
688161
688160
688157
688155
688150
688147
688146
688139
688138
688136
688131
688128
688127
688123
688122
688120
688116
688112
688111
688106
688100
688099
688097
688093
688088
688087
688083
688082
688073
688072
688065
688050
688049
688046
688037
688036
688035
688032
688029
688025
688019
688018
688016
688012
688009
688008
688006
688003
688002
301678
301631
301626
301622
301611
301606
301602
301600
301592
301589
301571
301565
301556
301551
301550
301536
301522
301508
301500
301498
301458
301392
301381
301377
301376
301371
301363
301358
301339
301327
301325
301301
301297
301291
301275
301267
301262
301238
301236
301219
301215
301207
301205
301200
301177
301175
301171
301165
301155
301153
301127
301109
301101
301095
301091
301087
301080
301078
301071
301069
301061
301050
301047
301039
301035
301031
301029
301018
301015
301004
301000
300999
300990
300979
300973
300957
300953
300926
300925
300919
300917
300913
300910
300896
300888
300870
300866
300861
300856
300855
300832
300827
300821
300820
300811
300782
300776
300775
300773
300772
300770
300768
300763
300761
300760
300759
300751
300750
300748
300747
300735
300726
300718
300699
300693
300687
300685
300679
300677
300674
300666
300661
300660
300641
300638
300634
300633
300628
300627
300623
300618
300613
300604
300602
300601
300596
300595
300576
300573
300570
300568
300529
300525
300502
300498
300496
300487
300482
300476
300468
300463
300458
300457
300443
300442
300433
300432
300428
300416
300415
300413
300408
300406
300395
300394
300390
300383
300373
300360
300357
300355
300347
300337
300319
300316
300308
300303
300298
300294
300285
300284
300274
300260
300257
300251
300232
300224
300223
300217
300207
300185
300184
300183
300181
300180
300171
300170
300151
300146
300145
300144
300143
300136
300133
300130
300124
300122
300115
300113
300100
300088
300083
300073
300070
300059
300054
300037
300035
300034
300033
300031
300017
300015
300014
300012
300009
300008
300007
300003
300002